186
165
784
1869
2538
3212
3881
4575
5506
6593
7265
7997
8869
9536
10227
10890
11566
12230
12912
13592
14253
14940
15612
16281
16954
17618
18316
18978
19645
20313
20990
21654
22374
23039
23722
24393
25065
25737
26408
27084
27758
28423
29120
29763
30482
31118
31785
32504
33175
33845
34515
35615
36534
37204
38308
38979
39894
40567
41696
42364
43036
43928
45057
45735
46419
47090
47760
48432
49104
49780
50448
51140
51807
52481
53145
53811
54506
55181
55847
56529
57205
57869
58542
59230
60272
60848
61634
62592
63259
63931
64595
65315
65980
66654
67321
67995
68676
69251
69922
70593
71405
72074
72744
73756
74764
75433
76104
77112
77784
78453
79126
80044
81148
81868
82536
83170
83838
84507
85175
85893
86563
87237
87903
88537
89257
89929
90601
91273
91941
92620
93290
93962
94631
95300
96015
96682
97349
98019
98687
99582
100254
100927
101813
102483
103429
104098
105184
105849
106533
107206
107877
108548
109217
109886
110585
111253
111919
112609
113280
113950
114615
115294
115971
116636
117318
117986
118653
119354
120021
120694
121363
122040
122714
123383
124056
124725
125397
126077
126747
127417
128087
128790
129464
130140
130811
131480
132150
