380
298
637
971
1305
1643
1977
2491
2835
3170
3707
4043
4378
4714
5212
5545
5883
6216
6551
6884
7220
7554
7888
8370
8767
9104
9438
9772
10106
10441
10776
11110
11461
11792
12130
12462
12796
13132
13467
13803
14139
14476
14835
15173
15682
16017
16352
16688
17190
17526
17861
18196
18531
19042
19376
19898
20232
20570
20908
21243
21581
21914
22253
22595
22932
23267
23602
23940
24278
24612
24950
25285
25621
25956
26293
26632
26966
27305
27646
27978
28319
28652
28988
29335
29675
30008
30344
30676
31019
31359
31697
32031
32369
32703
33041
33377
33713
34047
34386
34721
35057
35395
35727
36067
36408
36739
37081
37413
37762
38096
38435
38768
39103
39440
39778
40119
40451
40790
41125
41463
41806
42137
42477
42816
43148
43483
43821
44156
44500
44833
45172
45505
45839
46174
46706
47042
47375
47716
48056
48391
48727
49060
49396
49901
50241
50573
50909
51243
51614
51948
52284
52617
52953
53287
53623
53966
54297
54638
54971
55307
55641
55977
56311
56649
56983
57320
57676
58195
58532
58866
59202
59537
59875
60375
60708
61045
61379
61715
62054
62389
62728
63062
63399
63733
64265
64599
64933
65270
65604
65941
66282
66620
66954
67292
67626
67966
68301
68638
68975
69310
69648
69981
70514
70849
71186
71521
71857
72193
72529
72865
73201
73537
74031
74374
74710
75043
75382
75715
76050
76390
76731
77068
77402
77739
78075
78410
78745
79082
79417
79752
80089
80425
80759
81096
81628
81962
82297
82634
82968
83495
83827
84163
84503
84835
85180
85515
85855
86188
86527
86866
87202
87539
87874
88209
88546
88882
89217
89555
89891
90226
90564
90899
91241
91579
91916
92254
92588
92925
93260
93596
93933
94465
94799
95135
95472
95807
96337
96674
97009
97343
97680
98017
98530
98865
99204
99538
99875
100211
100546
100881
101218
101555
101889
102419
102754
103091
103426
103762
104098
104433
104769
105105
105444
105781
106129
106466
106798
107134
107469
107983
108319
108669
109003
109337
109674
110008
110345
110681
111019
111354
111690
112024
112557
112892
113227
113563
113898
114235
114570
114908
115246
115733
116071
116406
116742
117077
117414
117942
118277
118613
118950
119291
119627
119966
120300
120639
120975
121313
121650
121984
122320
122657
122991
123329
123664
124001
124338
124867
125206
125539
125875
126213
126548
126884
127222
127557
127896
128231
128566
128905
129272
129608
129943
130279
130615
130952
131285
131626
131962
132299
132654
