424
108
298
637
971
1305
1643
1821
2157
2491
2835
3170
3349
3528
3707
4043
4378
4714
4902
5212
5545
5883
6216
6551
6884
7220
7554
7755
8037
8370
8569
8767
9104
9438
9772
10106
10441
10776
11110
11461
11792
12130
12462
12796
13132
13467
13802
14139
14476
14662
14835
15173
15506
15682
16017
16352
16688
16989
17190
17526
17861
18196
18531
18707
19042
19225
19558
19898
20231
20570
20908
21243
21581
21914
22253
22595
22932
23267
23602
23940
24278
24612
24950
25285
25621
25956
26294
26632
26966
27305
27646
27978
28319
28652
28988
29335
29675
30008
30344
30676
31019
31359
31697
32031
32369
32703
33041
33377
33713
34047
34386
34721
35057
35395
35727
36067
36408
36739
37081
37413
37762
38096
38434
38768
39103
39440
39778
40119
40451
40790
41125
41463
41806
42137
42477
42816
43149
43483
43821
44156
44330
44500
44833
45172
45505
45839
46174
46370
46547
46861
47042
47375
47716
47887
48217
48391
48727
49060
49396
49570
49901
50241
50573
50909
51243
51581
51754
51948
52284
52617
52953
53287
53623
53796
53966
54296
54467
54637
54971
55307
55641
55978
56311
56649
56983
57320
57676
57861
58195
58532
58866
59202
59537
59875
60177
60375
60709
61045
61379
61715
61891
62088
62389
62728
63062
63399
63733
64070
64265
64599
64933
65270
65603
65941
66282
66621
66954
67292
67626
67965
68301
68638
68974
69310
69648
69981
70180
70514
70849
71186
71521
71858
72193
72529
72865
73201
73537
73838
74031
74374
74710
75043
75381
75715
76050
76391
76732
77068
77402
77739
78075
78410
78745
79082
79417
79752
80089
80425
80759
81096
81290
81628
81962
82297
82474
82676
82968
83150
83495
83828
84164
84504
84835
85180
85515
85855
86189
86526
86866
87202
87538
87875
88209
88546
88882
89217
89556
89891
90226
90565
90900
91242
91578
91916
92254
92588
92925
93260
93596
93791
94127
94465
94799
95135
95472
95807
96001
96337
96673
97010
97344
97680
98018
98193
98531
98868
99204
99539
99875
100211
100546
100880
101050
101220
101556
101890
102082
102418
102755
103090
103426
103762
104098
104433
104771
105106
105442
105612
105782
106117
106289
106466
106799
107134
107468
107649
107981
108319
108491
108669
109004
109339
109674
110007
110343
110682
111018
111353
111689
112025
112219
112557
112894
113228
113563
113899
114234
114570
114910
115244
115434
115735
116071
116408
116743
117078
117415
117605
117943
118276
118614
118952
119290
119628
119963
120300
120637
120975
121312
121649
121984
122320
122657
122992
123329
123665
124001
124337
124672
124868
125203
125541
125876
126211
126547
126884
127221
127559
127896
128229
128566
128903
129240
129436
129606
129944
130279
130616
130950
131285
131497
131833
132169
132459
132654
