1565
82
169
313
396
478
561
667
811
901
983
1066
1149
1232
1316
1399
1482
1565
1649
1733
1817
1900
1995
2078
2186
2269
2352
2434
2517
2599
2681
2770
2853
2935
3017
3111
3194
3278
3361
3444
3527
3610
3693
3776
3858
3943
4028
4111
4194
4277
4366
4449
4532
4615
4701
4785
4867
4950
5033
5116
5199
5282
5374
5459
5543
5625
5708
5791
5874
5958
6042
6125
6209
6292
6375
6470
6554
6637
6720
6803
6886
6977
7060
7142
7225
7308
7393
7477
7560
7643
7726
7809
7892
7977
8060
8143
8226
8333
8417
8501
8584
8667
8750
8837
8921
9003
9086
9175
9258
9342
9425
9508
9591
9675
9759
9842
9925
10007
10091
10177
10261
10344
10436
10519
10601
10683
10772
10854
10937
11026
11110
11193
11276
11359
11442
11527
11611
11694
11776
11859
11943
12030
12113
12196
12278
12369
12451
12534
12616
12699
12788
12871
12954
13043
13126
13208
13291
13374
13458
13543
13626
13709
13792
13875
13958
14043
14128
14211
14293
14376
14467
14549
14631
14713
14796
14896
14978
15061
15143
15225
15308
15392
15476
15573
15725
15808
15907
15991
16073
16156
16238
16321
16403
16492
16575
16658
16759
16910
16993
17076
17159
17242
17325
17408
17492
17575
17659
17742
17825
17908
17992
18100
18183
18265
18348
18432
18522
18607
18691
18774
18857
18941
19024
19108
19191
19274
19357
19441
19524
19607
19690
19773
19856
19940
20090
20208
20292
20375
20459
20543
20626
20709
20793
20876
20959
21042
21125
21209
21292
21375
21469
21552
21636
21719
21803
21886
21970
22053
22136
22220
22305
22388
22473
22556
22640
22724
22808
22891
22974
23058
23141
23225
23308
23391
23475
23558
23641
23737
23820
23903
23986
24069
24151
24234
24317
24416
24499
24582
24670
24754
24837
24920
25004
25088
25171
25254
25338
25421
25504
25588
25671
25755
25838
25922
26005
26089
26173
26257
26341
26440
26523
26606
26689
26773
26857
26941
27024
27107
27197
27281
27365
27449
27533
27616
27700
27783
27867
27951
28035
28119
28202
28286
28370
28454
28537
28620
28704
28787
28871
28955
29038
29122
29205
29288
29372
29519
29624
29769
29877
29960
30043
30126
30209
30292
30376
30483
30566
30650
30734
30817
30901
30984
31067
31150
31234
31317
31401
31550
31656
31739
31822
31906
31989
32072
32156
32240
32323
32406
32501
32585
32668
32750
32833
32916
33010
33094
33177
33261
33344
33427
33511
33595
33679
33762
33846
33930
34017
34101
34184
34267
34351
34434
34518
34602
34685
34768
34851
34935
35021
35105
35189
35276
35359
35442
35525
35608
35692
35776
35860
35943
36026
36109
36199
36282
36365
36451
36534
36618
36701
36784
36867
36950
37039
37127
37211
37294
37376
37459
37542
37626
37710
37794
37878
37960
38052
38134
38217
38301
38386
38469
38553
38636
38718
38808
38892
38974
39058
39144
39227
39310
39393
39477
39560
39644
39728
39812
39905
39987
40071
40156
40242
40324
40408
40496
40579
40663
40751
40834
40917
41004
41089
41173
41257
41340
41424
41508
41592
41676
41760
41844
41928
42011
42095
42179
42263
42350
42434
42518
42603
42687
42772
42855
42939
43022
43106
43191
43274
43358
43443
43527
43612
43695
43778
43862
43948
44031
44119
44204
44288
44372
44455
44539
44623
44706
44789
44873
44957
45041
45126
45210
45295
45379
45463
45547
45630
45714
45799
45883
45966
46055
46139
46223
46306
46389
46473
46556
46640
46723
46806
46890
46983
47068
47151
47234
47318
47401
47486
47571
47654
47739
47824
47908
47991
48074
48157
48241
48325
48409
48492
48575
48667
48750
48834
48918
49001
49085
49168
49251
49335
49419
49504
49594
49678
49761
49843
49926
50018
50101
50186
50270
50354
50437
50520
50603
50687
50771
50854
50938
51021
51104
51195
51278
51361
51446
51530
51613
51696
51780
51869
51952
52036
52121
52205
52288
52372
52455
52538
52631
52715
52799
52882
52965
53049
53133
53216
53301
53384
53468
53553
53637
53721
53805
53889
53973
54057
54141
54224
54309
54393
54480
54564
54648
54732
54815
54899
54983
55068
55153
55237
55321
55408
55491
55576
55660
55744
55828
55913
55997
56081
56165
56249
56332
56416
56500
56584
56668
56753
56836
56921
57005
57088
57172
57258
57342
57425
57510
57594
57678
57765
57848
57932
58015
58100
58191
58275
58359
58443
58527
58611
58695
58779
58863
58947
59032
59115
59199
59283
59368
59451
59536
59619
59702
59788
59874
59959
60043
60127
60211
60295
60379
60463
60548
60634
60719
60804
60887
60971
61055
61139
61223
61307
61392
61476
61561
61644
61728
61812
61896
61980
62064
62147
62231
62315
62401
62485
62569
62654
62738
62822
62905
62988
63073
63158
63242
63327
63413
63497
63581
63664
63750
63834
63918
64005
64089
64173
64257
64340
64424
64508
64591
64675
64759
64845
64930
65014
65099
65182
65266
65350
65434
65520
65605
65691
65775
65859
65942
66026
66110
66194
66282
66366
66450
66534
66618
66702
66786
66870
66954
67038
67123
67206
67291
67375
67460
67543
67627
67711
67795
67878
67964
68048
68133
68217
68301
68385
68469
68553
68637
68721
68805
68889
68977
69061
69145
69229
69313
69397
69481
69566
69651
69735
69819
69902
69987
70071
70154
70238
70322
70406
70491
70578
70662
70747
70830
70915
70998
71081
71170
71254
71338
71423
71507
71590
71675
71761
71847
71931
72015
72099
72183
72266
72350
72434
72517
72602
72687
72772
72856
72941
73025
73109
73194
73278
73362
73447
73532
73616
73699
73783
73867
73951
74035
74119
74203
74287
74372
74457
74541
74625
74709
74794
74877
74961
75046
75129
75213
75298
75382
75467
75550
75634
75719
75802
75887
75971
76056
76144
76228
76312
76396
76480
76564
76647
76733
76816
76901
76986
77069
77153
77238
77322
77407
77491
77575
77661
77745
77830
77913
77997
78081
78165
78249
78334
78419
78504
78588
78673
78757
78841
78926
79009
79094
79178
79262
79346
79430
79514
79598
79683
79767
79850
79935
80019
80104
80188
80272
80356
80440
80525
80608
80692
80777
80861
80944
81028
81113
81197
81282
81366
81450
81534
81619
81703
81788
81872
81956
82041
82125
82209
82294
82378
82461
82546
82630
82714
82798
82882
82966
83051
83135
83219
83304
83388
83472
83556
83641
83725
83809
83893
83977
84062
84147
84230
84315
84401
84485
84570
84654
84740
84823
84907
84992
85076
85160
85244
85328
85413
85497
85582
85666
85750
85834
85918
86002
86087
86171
86255
86340
86423
86508
86592
86676
86760
86844
86928
87013
87097
87181
87266
87351
87435
87519
87603
87687
87772
87855
87940
88024
88108
88192
88277
88361
88445
88529
88613
88697
88781
88866
88951
89034
89118
89203
89287
89371
89455
89539
89624
89707
89792
89876
89961
90045
90130
90213
90297
90383
90467
90552
90637
90722
90805
90889
90973
91057
91142
91226
91310
91395
91481
91564
91649
91733
91818
91901
91986
92070
92154
92238
92323
92406
92491
92575
92659
92743
92827
92911
92997
93080
93165
93250
93333
93418
93502
93585
93670
93754
93838
93923
94006
94091
94176
94259
94343
94427
94512
94597
94681
94765
94849
94934
95018
95102
95186
95270
95354
95439
95522
95606
95692
95775
95860
95944
96028
96113
96196
96281
96365
96450
96534
96618
96703
96788
96871
96955
97040
97123
97208
97292
97377
97462
97545
97631
97715
97798
97882
97967
98051
98136
98220
98304
98389
98472
98557
98642
98725
98810
98895
98979
99063
99149
99233
99316
99400
99485
99569
99652
99736
99820
99905
99989
100073
100157
100242
100328
100411
100495
100580
100663
100748
100831
100915
101000
101084
101168
101251
101337
101420
101506
101590
101674
101759
101841
101926
102010
102095
102178
102262
102346
102430
102514
102600
102684
102769
102851
102939
103022
103106
103190
103275
103359
103443
103529
103614
103697
103780
103866
103950
104033
104117
104203
104288
104370
104457
104543
104628
104712
104795
104881
104964
105050
105133
105217
105303
105388
105471
105556
105641
105725
105810
105892
105977
106061
106144
106226
106312
106396
106480
106564
106649
106733
106818
106903
106987
107071
107157
107240
107324
107410
107494
107578
107662
107749
107831
107917
107999
108084
108168
108251
108336
108421
108505
108588
108673
108759
108842
108926
109010
109097
109179
109265
109349
109435
109520
109604
109687
109774
109857
109940
110023
110108
110193
110276
110362
110444
110527
110612
110696
110781
110865
110950
111033
111117
111201
111287
111372
111455
111539
111623
111708
111792
111875
111961
112045
112129
112214
112297
112381
112467
112552
112635
112719
112802
112886
112970
113055
113139
113224
113308
113392
113476
113560
113643
113727
113811
113895
113980
114064
114148
114231
114316
114401
114485
114569
114653
114739
114821
114906
114989
115074
115159
115241
115326
115410
115494
115577
115662
115746
115829
115915
115999
116084
116168
116251
116335
116420
116505
116589
116673
116756
116841
116925
117008
117092
117176
117261
117343
117429
117513
117598
117681
117767
117851
117934
118021
118105
118187
118272
118356
118440
118524
118610
118692
118776
118861
118943
119028
119114
119197
119283
119366
119451
119533
119620
119703
119788
119871
119956
120041
120123
120207
120292
120377
120460
120544
120628
120713
120795
120883
120966
121052
121135
121218
121303
121388
121472
121554
121639
121721
121804
121889
121973
122059
122143
122226
122311
122393
122480
122563
122647
122729
122816
122899
122983
123068
123152
123235
123321
123404
123488
123572
123656
123741
123827
123911
123994
124078
124162
124244
124330
124416
124500
124583
124666
124752
124837
124919
125004
125089
125172
125258
125342
125426
125511
125598
125680
125764
125848
125933
126017
126105
126189
126273
126357
126526
126608
126694
126776
126862
126944
127030
127116
127199
127285
127368
127452
127535
127623
127706
127788
127874
127957
128040
128124
128210
128295
128380
128462
128550
128632
128717
128801
128886
128969
129055
129141
129224
129308
129391
129476
129560
129645
129728
129812
129897
129981
130066
130152
130234
130318
130403
130486
130572
130655
130741
130827
130992
131077
131164
131251
131333
131418
131502
131586
131668
131752
131837
131920
132007
132089
132176
132258
132341
132424
132511
132595
132682
