2955
12
103
145
202
243
290
335
387
456
500
542
584
630
706
747
792
833
874
917
961
1002
1044
1086
1127
1174
1254
1296
1377
1426
1480
1522
1564
1605
1651
1693
1735
1797
1838
1901
1962
2003
2067
2109
2154
2278
2342
2386
2429
2487
2528
2569
2611
2693
2737
2779
2821
2862
2943
3025
3071
3112
3162
3203
3244
3290
3331
3372
3413
3455
3497
3540
3583
3664
3706
3747
3791
3833
3875
3916
3957
3999
4040
4086
4127
4168
4210
4251
4296
4339
4380
4426
4468
4509
4550
4591
4633
4674
4719
4760
4801
4842
4884
4926
4970
5011
5052
5094
5136
5177
5221
5262
5303
5345
5386
5428
5470
5511
5554
5596
5638
5679
5722
5764
5807
5848
5890
5931
5972
6015
6058
6124
6165
6206
6248
6291
6333
6374
6416
6457
6499
6540
6604
6646
6689
6732
6773
6815
6856
6899
6941
7001
7065
7107
7149
7191
7234
7276
7317
7359
7401
7443
7485
7527
7569
7610
7652
7694
7735
7778
7819
7861
7903
7945
7988
8029
8071
8113
8154
8196
8238
8280
8322
8364
8405
8447
8489
8531
8573
8639
8680
8722
8764
8805
8847
8889
8931
8973
9015
9057
9099
9141
9183
9225
9267
9309
9352
9394
9435
9477
9519
9560
9603
9646
9688
9729
9770
9812
9854
9896
9938
9980
10021
10063
10105
10147
10189
10231
10272
10314
10356
10398
10440
10482
10524
10565
10607
10652
10693
10736
10777
10819
10862
10904
10946
10987
11029
11071
11112
11154
11197
11239
11281
11323
11365
11407
11449
11491
11533
11575
11617
11659
11700
11742
11783
11826
11868
11911
11953
11995
12037
12079
12120
12162
12204
12246
12288
12331
12374
12415
12457
12498
12541
12583
12624
12667
12708
12750
12792
12835
12876
12918
12960
13002
13045
13087
13129
13171
13213
13255
13297
13339
13381
13423
13464
13506
13548
13590
13631
13673
13715
13758
13817
13859
13900
13942
13983
14026
14068
14110
14152
14194
14236
14279
14320
14362
14404
14446
14488
14530
14573
14614
14655
14697
14741
14783
14825
14867
14909
14951
14994
15036
15078
15120
15162
15204
15246
15288
15330
15372
15413
15455
15496
15538
15580
15622
15664
15706
15749
15790
15832
15874
15916
15958
16000
16042
16084
16126
16169
16211
16253
16294
16338
16381
16423
16465
16506
16547
16590
16633
16674
16716
16758
16800
16842
16885
16927
16969
17011
17053
17094
17137
17178
17220
17263
17305
17347
17389
17431
17473
17515
17557
17598
17640
17682
17724
17767
17809
17851
17893
17934
17976
18018
18060
18102
18144
18186
18228
18270
18311
18354
18396
18438
18480
18522
18564
18606
18647
18689
18731
18774
18817
18858
18900
18942
18984
19026
19069
19111
19153
19194
19235
19277
19319
19361
19404
19446
19498
19540
19582
19623
19665
19707
19749
19791
19833
19874
19916
19957
19998
20041
20082
20125
20167
20209
20250
20292
20334
20376
20418
20460
20502
20544
20586
20629
20671
20713
20755
20797
20839
20882
20923
20965
21007
21049
21091
21133
21175
21217
21260
21301
21343
21385
21427
21469
21511
21553
21595
21637
21679
21720
21762
21804
21846
21888
21930
21972
22013
22056
22098
22139
22181
22223
22265
22307
22349
22392
22433
22475
22518
22560
22602
22644
22686
22728
22770
22812
22854
22895
22937
22979
23021
23063
23105
23147
23189
23230
23272
23314
23356
23398
23439
23481
23523
23565
23608
23650
23692
23733
23775
23817
23859
23901
23943
23985
24028
24070
24111
24153
24196
24238
24280
24322
24363
24404
24446
24488
24530
24572
24614
24657
24699
24741
24783
24825
24866
24908
24951
24993
25035
25076
25118
25160
25203
25245
25286
25329
25370
25413
25454
25496
25538
25580
25621
25662
25704
25748
25790
25833
25876
25919
26000
26041
26083
26167
26238
26280
26326
26375
26423
26487
26529
26593
26634
26676
26717
26760
26804
26845
26886
26927
27009
27051
27094
27136
27178
27259
27301
27342
27385
27428
27470
27512
27553
27595
27638
27679
27720
27762
27804
27846
27888
27931
27972
28013
28054
28095
28138
28181
28224
28265
28307
28348
28390
28433
28475
28516
28558
28600
28642
28685
28727
28768
28810
28852
28894
28937
28978
29019
29061
29103
29145
29187
29230
29272
29313
29356
29398
29440
29482
29524
29565
29607
29648
29691
29733
29775
29816
29859
29901
29943
29985
30028
30069
30112
30153
30195
30236
30278
30320
30361
30404
30446
30488
30530
30572
30614
30656
30698
30740
30781
30822
30865
30908
30951
30993
31035
31077
31120
31162
31204
31246
31289
31330
31372
31414
31456
31498
31540
31582
31623
31664
31707
31749
31792
31875
31916
31958
32000
32045
32087
32129
32172
32215
32258
32299
32340
32384
32425
32468
32511
32552
32593
32634
32678
32721
32766
32808
32850
32892
32933
32974
33016
33059
33100
33142
33183
33225
33267
33310
33353
33394
33436
33477
33520
33562
33603
33645
33687
33732
33816
33897
33944
33986
34030
34072
34114
34156
34198
34239
34281
34323
34365
34408
34449
34491
34532
34575
34618
34659
34701
34743
34788
34831
34912
34954
34999
35040
35081
35123
35166
35208
35251
35292
35335
35377
35418
35461
35502
35544
35586
35628
35671
35713
35754
35796
35838
35880
35922
35964
36007
36049
36091
36134
36175
36217
36260
36301
36344
36386
36428
36471
36514
36556
36597
36639
36680
36722
36765
36808
36850
36892
36933
36974
37018
37060
37103
37150
37230
37271
37317
37360
37401
37442
37484
37526
37568
37609
37653
37694
37736
37777
37819
37862
37905
37946
37988
38030
38072
38114
38155
38198
38241
38284
38326
38368
38410
38453
38495
38537
38579
38621
38663
38705
38747
38789
38831
38872
38915
38957
38998
39040
39082
39123
39165
39207
39249
39291
39333
39374
39415
39456
39499
39542
39584
39625
39666
39710
39751
39794
39835
39876
39919
39961
40004
40045
40088
40169
40211
40253
40297
40339
40381
40422
40463
40506
40548
40590
40632
40675
40716
40758
40799
40840
40882
40924
40966
41008
41051
41093
41134
41175
41218
41264
41306
41348
41401
41444
41485
41527
41569
41612
41693
41734
41777
41820
41902
41984
42025
42067
42110
42155
42197
42238
42279
42322
42365
42408
42451
42492
42534
42615
42656
42700
42741
42783
42827
42869
42912
42992
43036
43077
43119
43202
43244
43287
43332
43373
43416
43458
43501
43550
43593
43634
43676
43718
43762
43803
43844
43886
43927
43968
44010
44052
44094
44136
44178
44219
44261
44304
44346
44387
44430
44471
44514
44556
44599
44640
44681
44723
44766
44808
44850
44893
44934
44975
45017
45059
45102
45144
45186
45228
45270
45312
45353
45394
45436
45478
45520
45563
45604
45646
45687
45729
45770
45813
45854
45897
45938
45979
46021
46063
46106
46148
46189
46231
46272
46316
46358
46400
46442
46483
46525
46569
46612
46653
46696
46738
46781
46823
46865
46907
46963
47004
47046
47088
47130
47171
47214
47257
47299
47342
47383
47425
47468
47510
47551
47593
47676
47718
47762
47804
47847
47928
47969
48012
48055
48096
48138
48181
48223
48264
48305
48347
48390
48431
48473
48515
48556
48600
48642
48684
48765
48807
48849
48891
48933
48975
49016
49058
49099
49142
49183
49225
49268
49333
49393
49435
49519
49562
49604
49646
49689
49731
49813
49854
49896
49937
49978
50020
50062
50104
50186
50228
50269
50312
50394
50478
50522
50563
50607
50688
50730
50773
50817
50858
50899
50941
50983
51025
51068
51110
51152
51194
51235
51277
51357
51399
51440
51484
51527
51570
51645
51687
51730
51778
51821
51865
51906
51948
51990
52031
52072
52114
52157
52198
52242
52283
52326
52369
52410
52453
52494
52536
52579
52621
52662
52705
52746
52788
52830
52874
52915
52956
52999
53041
53083
53124
53166
53208
53250
53293
53334
53376
53419
53461
53503
53544
53586
53628
53670
53712
53755
53796
53838
53880
53922
53964
54007
54049
54090
54132
54174
54215
54258
54300
54341
54384
54426
54468
54510
54552
54594
54636
54679
54720
54762
54804
54847
54888
54930
54972
55013
55056
55098
55140
55182
55224
55266
55308
55351
55393
55434
55476
55519
55560
55602
55644
55687
55728
55770
55812
55854
55897
55938
55980
56022
56064
56106
56147
56190
56232
56274
56315
56358
56399
56441
56483
56526
56567
56610
56652
56695
56736
56778
56820
56862
56903
56947
56989
57030
57073
57115
57156
57198
57239
57282
57324
57367
57408
57451
57492
57534
57576
57619
57661
57703
57745
57787
57829
57872
57916
57959
58001
58043
58085
58127
58170
58212
58254
58295
58337
58379
58422
58464
58505
58548
58589
58631
58674
58715
58758
58800
58842
58884
58927
58969
59011
59053
59094
59137
59179
59221
59263
59305
59347
59389
59431
59473
59516
59557
59600
59641
59683
59725
59767
59810
59852
59894
59935
59978
60020
60061
60104
60145
60188
60230
60272
60315
60356
60399
60440
60483
60525
60566
60607
60650
60692
60733
60776
60818
60859
60903
60944
60987
61029
61070
61112
61154
61198
61240
61281
61323
61364
61405
61448
61489
61532
61574
61617
61697
61739
61781
61824
61866
61947
61988
62030
62073
62115
62156
62198
62244
62288
62330
62371
62412
62492
62534
62576
62619
62661
62704
62785
62827
62870
62911
62952
62993
63035
63077
63120
63161
63202
63244
63285
63327
63369
63410
63451
63493
63535
63579
63620
63661
63743
63784
63826
63867
63909
63987
64029
64071
64113
64156
64197
64239
64280
64322
64363
64407
64449
64490
64532
64573
64615
64657
64698
64741
64783
64825
64866
64907
64950
64992
65033
65114
65156
65197
65241
65283
65325
65366
65407
65450
65531
65572
65618
65661
65706
65749
65791
65836
65879
65921
66003
66084
66128
66209
66251
66295
66337
66379
66423
66465
66510
66552
66594
66637
66680
66723
66764
66806
66847
66889
66932
66974
67017
67060
67102
67145
67226
67270
67311
67354
67438
67520
67561
67604
67646
67689
67771
67813
67855
67898
67939
67981
68024
68066
68108
68150
68191
68234
68276
68317
68360
68402
68444
68485
68528
68570
68613
68655
68696
68737
68779
68820
68864
68906
68948
69031
69074
69118
69176
69219
69260
69341
69383
69426
69468
69509
69551
69632
69674
69717
69761
69803
69844
69886
69929
69971
70013
70054
70097
70139
70180
70222
70265
70307
70350
70394
70435
70477
70559
70601
70644
70686
70728
70810
70853
70894
70938
70979
71021
71062
71103
71145
71186
71228
71270
71313
71354
71397
71438
71481
71523
71565
71607
71649
71730
71772
71815
71857
71900
71941
71983
72025
72067
72109
72150
72193
72234
72278
72320
72361
72402
72445
72488
72534
72577
72620
72661
72702
72744
72785
72830
72871
72912
72955
72996
73038
73082
73123
73166
73207
73250
73291
73373
73415
73458
73501
73542
73584
73627
73669
73711
73753
73794
73837
73878
73920
73962
74004
74045
74088
74129
74171
74214
74256
74299
74340
74383
74425
74466
74508
74551
74592
74635
74677
74761
74803
74845
74887
74928
74969
75010
75053
75095
75138
75179
75222
75263
75304
75347
75389
75430
75472
75555
75598
75639
75681
75724
75766
75807
75851
75893
75934
75975
76017
76061
76104
76146
76188
76230
76313
76395
76437
76478
76522
76563
76607
76657
76701
76743
76824
76866
76908
76949
76990
77033
77076
77118
77161
77202
77243
77325
77367
77409
77451
77494
77536
77578
77620
77661
77704
77748
77791
77873
77916
77960
78002
78046
78127
78170
78212
78256
78297
78338
78379
78421
78464
78505
78548
78590
78632
78674
78716
78796
78840
78882
78923
78964
79005
79047
79089
79132
79173
79214
79259
79343
79384
79426
79468
79510
79552
79595
79637
79681
79723
79767
79809
79850
79891
79932
79975
80018
80062
80103
80146
80188
80234
80277
80321
80363
80407
80450
80572
80614
80657
80699
80741
80783
80824
80907
80952
81033
81077
81121
81162
81208
81289
81331
81372
81453
81494
81535
81576
81619
81663
81707
81749
81792
81834
81876
81954
81997
82041
82121
82162
82206
82496
82537
82580
82622
82667
82709
82751
82829
82872
82917
82958
83001
83084
83127
83171
83219
83261
83309
83355
83417
83459
83507
83549
83648
83692
83734
83780
83822
83863
83946
83989
84031
84073
84114
84156
84199
84242
84283
84325
84368
84411
84453
84495
84536
84578
84620
84661
84703
84745
84786
84830
84872
85082
85128
85170
85212
85255
85298
85340
85383
85424
85465
85507
85550
85592
85634
85676
85719
85762
85803
85845
85886
85927
85969
86012
86054
86095
86137
86179
86220
86262
86303
86346
86387
86432
86473
86515
86599
86641
86722
86765
86807
86850
86892
86935
86977
87019
87061
87102
87145
87186
87228
87269
87312
87354
87396
87438
87480
87523
87565
87606
87649
87690
87733
87775
87816
87857
87899
87940
87983
88026
88068
88109
88150
88191
88234
88276
88318
88360
88402
88444
88486
88531
88572
88613
88654
88695
88737
88780
88823
88865
88906
88948
88991
89072
89115
89157
89201
89244
89325
89366
89409
89452
89493
89540
89621
89702
89744
89790
89832
89896
89937
90011
90058
90099
90311
90354
90395
90438
90479
90559
90603
90645
90729
90771
90813
90855
90898
90942
90983
91025
91067
91108
91151
91194
91235
91276
91319
91361
91404
91446
91487
91530
91572
91615
91656
91697
91738
91782
91824
91866
91907
91950
91992
92033
92076
92118
92160
92201
92244
92285
92327
92370
92413
92455
92496
92538
92579
92621
92663
92705
92747
92790
92832
92874
92915
92957
92999
93043
93084
93126
93168
93210
93292
93336
93377
93419
93461
93503
93544
93586
93628
93671
93714
93756
93797
93840
93881
93923
93965
94007
94049
94091
94133
94174
94217
94259
94300
94343
94385
94427
94469
94510
94552
94595
94636
94678
94721
94762
94804
94846
94888
94930
94973
95016
95058
95102
95143
95184
95226
95269
95312
95353
95394
95437
95480
95521
95562
95604
95646
95688
95730
95772
95813
95856
95898
95941
95983
96024
96066
96108
96150
96191
96234
96276
96319
96361
96402
96444
96487
96528
96570
96612
96655
96697
96738
96781
96822
96864
96907
96949
96990
97032
97073
97115
97159
97202
97244
97326
97368
97409
97451
97494
97536
97577
97619
97661
97704
97747
97789
97830
97871
97913
97956
97998
98042
98125
98167
98208
98250
98292
98334
98376
98419
98462
98504
98546
98627
98669
98711
98752
98797
98838
98881
98923
98966
99007
99049
99091
99132
99174
99217
99258
99341
99383
99426
99469
99510
99552
99594
99635
99676
99720
99761
99803
99844
99886
99968
100010
100053
100094
100137
100180
100222
100303
100344
100387
100429
100473
100516
100558
100601
100643
100685
100728
100812
100896
100937
100978
101023
101065
101107
101149
101190
101232
101275
101317
101360
101401
101444
101485
101527
101568
101612
101653
101695
101738
101779
101822
101864
101906
101949
101991
102033
102075
102120
102162
102203
102245
102286
102368
102410
102453
102497
102577
102619
102702
102745
102789
102870
102913
102954
102996
103037
103079
103122
103164
103207
103253
103296
103339
103380
103421
103464
103508
103550
103591
103633
103675
103718
103759
103800
103844
103887
103931
103973
104055
104102
104143
104188
104268
104310
104352
104395
104438
104480
104523
104565
104606
104648
104689
104730
104772
104814
104857
104937
104981
105024
105066
105110
105191
105232
105275
105317
105360
105402
105443
105485
105527
105569
105611
105653
105696
105740
105822
105865
105906
105948
105990
106032
106073
106115
106160
106201
106243
106285
106327
106368
106409
106452
106496
106537
106578
106619
106662
106704
106745
106788
106829
106870
106912
106995
107037
107081
107122
107164
107206
107248
107292
107335
107417
107459
107501
107543
107585
107626
107667
107713
107754
107796
107839
107880
107922
108004
108049
108093
108134
108177
108219
108261
108304
108346
108388
108429
108470
108513
108554
108597
108639
108681
108723
108765
108806
108848
108890
108931
108973
109014
109056
109101
109142
109183
109224
109268
109310
109352
109394
109436
109477
109519
109560
109603
109644
109689
109769
109811
109852
109894
109936
109977
110020
110062
110146
110227
110269
110312
110353
110396
110439
110480
110522
110570
110651
110730
110774
110815
110864
110905
110946
111024
111104
111151
111192
111263
111305
111346
111427
111471
111514
111593
111636
111678
111761
111806
111847
111890
111932
111973
112015
112094
112137
112181
112223
112265
112311
112353
112397
112474
112515
112558
112600
112683
112728
112769
112811
112853
112894
112937
112980
113021
113103
113146
113189
113272
113314
113356
113397
113439
113482
113523
113566
113607
113651
113693
113774
113816
113861
113943
113985
114026
114069
114111
114154
114195
114238
114279
114321
114364
114443
114488
114529
114571
114614
114656
114697
114738
114779
114824
114904
114947
114990
115034
115116
115157
115201
115243
115285
115327
115371
115448
115492
115536
115579
115621
115663
115746
115829
115870
115912
115957
115998
116040
116083
116164
116205
116288
116334
116375
116416
116458
116499
116542
116585
116628
116669
116714
116793
116835
116880
116924
116965
117044
117090
117131
117172
117214
117255
117300
117343
117387
117428
117469
117510
117553
117595
117640
117686
117765
117846
117888
117934
117978
118019
118060
118101
118142
118185
118229
118270
118312
118356
118399
118441
118483
118525
118566
118612
118655
118696
118737
118779
118823
118904
118946
118988
119031
119074
119116
119158
119201
119242
119285
119326
119367
119409
119451
119493
119540
119620
119664
119708
119751
119793
119834
119877
119919
119999
120042
120086
120167
120211
120252
120294
120336
120377
120419
120463
120546
120587
120630
120671
120712
120755
120797
120840
120882
120923
120967
121008
121089
121135
121176
121217
121261
121302
121345
121422
121467
121509
121551
121592
121637
121681
121761
121802
121845
121890
121933
122010
122054
122098
122142
122184
122225
122268
122349
122391
122432
122477
122521
122563
122643
122686
122728
122772
122813
122856
122899
122941
123023
123103
123148
123190
123234
123276
123318
123400
123442
123484
123525
123567
123608
123653
123694
123736
123779
123820
123861
123903
123945
123988
124029
124073
124152
124196
124239
124280
124323
124365
124408
124489
124533
124574
124617
124658
124699
124741
124782
124825
124870
124911
124953
124994
125036
125077
125119
125162
125205
125247
125289
125330
125372
125415
125458
125499
125541
125583
125624
125666
125709
125750
125791
125834
125875
125918
125960
126041
126083
126126
126167
126208
126250
126295
126336
126377
126420
126462
126505
126546
126587
126629
126674
126755
126800
126841
126921
126965
127008
127050
127131
127173
127215
127258
127299
127341
127383
127425
127507
127552
127631
127672
127715
127757
127836
127880
127923
127970
128014
128058
128099
128145
128186
128230
128274
128352
128393
128438
128479
128523
128565
128608
128651
128729
128771
128814
128859
128939
128981
129023
129065
129109
129153
129196
129238
129280
129325
129368
129447
129491
129572
129616
129657
129701
129744
129786
129868
129910
129955
129996
130038
130084
130127
130173
130242
130284
130329
130373
130421
130495
130536
130584
130625
130667
130709
130750
130799
130873
130917
130962
131004
131052
131093
131173
131216
131257
131299
131340
131382
131424
131466
131509
131550
131593
131636
131714
131755
131797
131839
131884
131926
131969
132010
132055
132096
132139
132180
132224
132266
132346
132390
132433
132474
132516
132599
132640
132684
