905
2
70
116
201
283
367
410
453
495
537
579
662
705
747
789
831
914
957
1040
1083
1125
1167
1209
1251
1335
1377
1419
1461
1503
1545
1587
1629
1671
1713
1755
1839
1881
1923
1965
2007
2050
2133
2175
2217
2259
2302
2344
2386
2428
2470
2512
2554
2596
2638
2680
2722
2764
2806
2848
2890
2932
2974
3016
3058
3100
3142
3184
3226
3268
3310
3352
3394
3436
3478
3520
3562
3604
3646
3688
3730
3772
3814
3857
3899
3941
3983
4025
4067
4109
4151
4193
4235
4277
4319
4361
4403
4445
4487
4529
4571
4613
4655
4697
4739
4781
4823
4865
4907
4949
4991
5033
5075
5117
5159
5201
5243
5285
5327
5369
5411
5453
5496
5538
5580
5622
5664
5706
5748
5790
5832
5874
5916
5958
6000
6042
6084
6126
6168
6210
6252
6294
6336
6378
6420
6462
6504
6546
6588
6630
6672
6714
6756
6798
6840
6882
6924
6966
7008
7050
7092
7134
7176
7218
7260
7303
7345
7387
7429
7471
7513
7555
7597
7639
7681
7723
7765
7807
7849
7891
7933
7975
8017
8059
8101
8143
8185
8227
8269
8311
8353
8395
8437
8479
8521
8563
8605
8647
8689
8731
8773
8815
8857
8899
8941
8983
9025
9067
9109
9152
9194
9236
9278
9320
9362
9404
9446
9488
9530
9572
9614
9656
9698
9740
9782
9824
9866
9908
9950
9992
10034
10076
10118
10160
10202
10244
10286
10328
10370
10412
10454
10496
10538
10580
10622
10664
10706
10748
10790
10832
10875
10917
10959
11001
11043
11085
11127
11169
11211
11253
11295
11337
11379
11421
11463
11505
11547
11589
11631
11673
11715
11757
11799
11841
11883
11925
11967
12009
12051
12093
12135
12177
12219
12261
12303
12345
12387
12430
12472
12514
12556
12598
12640
12682
12724
12766
12808
12850
12892
12934
12976
13018
13060
13102
13144
13186
13228
13270
13312
13354
13396
13438
13480
13522
13564
13606
13648
13690
13732
13774
13816
13858
13900
13942
13984
14026
14068
14110
14152
14194
14236
14279
14321
14363
14405
14447
14489
14531
14573
14615
14657
14699
14741
14783
14825
14867
14909
14951
14993
15035
15077
15119
15161
15203
15245
15287
15329
15371
15413
15455
15497
15539
15581
15623
15665
15707
15749
15791
15833
15875
15918
15960
16002
16044
16086
16128
16170
16212
16254
16296
16338
16380
16422
16464
16506
16548
16590
16632
16674
16716
16758
16800
16842
16884
16926
16968
17010
17052
17094
17136
17178
17220
17262
17304
17387
17429
17512
17554
17637
17720
17793
17872
17917
17959
18039
18084
18127
18210
18292
18335
18418
18461
18504
18587
18630
18712
18755
18838
18881
18964
19006
19049
19132
19174
19216
19258
19300
19342
19384
19426
19510
19552
19636
19678
19721
19763
19805
19847
19889
19931
20014
20057
20099
20141
20224
20266
20308
20350
20393
20435
20477
20519
20562
20687
20729
20772
20814
20856
20898
20940
20982
21024
21066
21108
21150
21234
21276
21318
21360
21402
21444
21486
21529
21612
21654
21696
21738
21780
21822
21864
21906
21948
21991
22034
22076
22159
22201
22243
22327
22369
22412
22495
22537
22579
22621
22663
22705
22747
22789
22831
22873
22916
23000
23042
23084
23126
23168
23211
23294
23336
23378
23421
23546
23588
23630
23673
23757
23799
23841
23884
23967
24010
24052
24094
24136
24178
24220
24262
24345
24388
24472
24554
24596
24638
24681
24724
24766
24808
24891
24934
25019
25101
25143
25186
25228
25304
25346
25389
25469
25512
25596
25638
25717
25761
25805
25881
25926
26005
26050
26133
26176
26259
26301
26346
26389
26467
26509
26551
26595
26676
26719
26803
26845
26889
26971
27014
27056
27098
27141
27184
27226
27269
27353
27435
27477
27561
27605
27685
27727
27770
27812
27855
27897
27940
28023
28065
28107
28189
28272
28315
28397
28441
28522
28566
28609
28691
28774
28859
28902
28985
29068
29112
29154
29196
29238
29281
29323
29365
29407
29451
29533
29576
29659
29702
29785
29827
29869
29912
29996
30038
30081
30123
30206
30249
30333
30417
30460
30543
30586
30628
30671
30754
30796
30838
30880
30964
31006
31089
31173
31215
31257
31299
31342
31424
31466
31508
31592
31634
31676
31718
31801
31843
31968
32010
32053
32095
32138
32180
32263
32306
32390
32432
32474
32559
32601
32683
32726
32810
32853
32895
32937
32979
33022
33106
33148
33190
33274
33357
33399
33442
33523
33567
33609
33692
33736
33778
33862
33905
33947
33990
34032
34115
34157
34199
34282
34325
34368
34450
34533
34576
34619
34662
34744
34828
34870
34912
34954
34996
35038
35081
35123
35165
35249
35291
35375
35417
35459
35542
35584
35627
35669
35711
35753
35836
35920
35963
36005
36047
36089
36131
36173
36255
36298
36340
36424
36466
36508
36592
36634
36717
36760
36843
36885
36927
36969
37011
37053
37095
37179
37221
37263
37305
37347
37390
37432
37474
37516
37558
37600
37642
37684
37726
37769
37811
37853
37895
37937
37979
38022
38146
38189
38272
38314
38356
38399
38441
38483
38525
38608
38692
38734
38776
38819
38903
38945
39070
39113
39155
39238
39322
39365
39407
39449
39491
39534
39618
39701
39744
39786
39869
39912
39954
40038
40080
40122
40164
40206
40248
40290
40332
40416
40459
40543
40585
40670
40753
40795
40879
40921
40963
41005
41047
41130
41173
41215
41298
41340
41383
41467
41510
41593
41676
41718
41760
41844
41886
41928
41971
42053
42096
42138
42180
42264
42306
42348
42390
42432
42516
42558
42600
42642
42726
42768
42810
42852
42894
42936
42978
43020
43063
43105
43147
43189
43272
43314
43356
43440
43482
43524
43566
43609
43692
43734
43816
43859
43901
43943
43986
44028
44070
44112
44154
44238
44280
44322
44364