127
175
514
853
1189
1526
1864
2202
2541
2877
3215
3554
3890
4228
4566
4904
5242
5579
5916
6255
6593
6929
7267
7605
7943
8281
8618
8956
9294
9631
9969
10306
10644
10982
11319
11657
11995
12332
12670
13008
13346
13683
14021
14358
14696
15034
15371
15709
16047
16384
16714
17035
17365
17703
18038
18376
18714
19050
19545
19882
20391
20726
21225
21562
21899
22239
22575
22913
23249
23586
23926
24262
24602
24938
25277
25618
25953
26289
26824
27161
27498
27835
28312
28848
29185
29524
30000
30339
30676
31013
31348
31683
32020
32357
32695
33031
33368
33707
34048
34386
34722
35059
35396
35737
36074
36412
36749
37088
37425
37762
38097
38434
38772
39107
39446
39783
40315
40651
40991
41324
41658
41989
42331
42674
43212
43549
43888
44227
