254
96
265
433
601
769
938
1105
1274
1442
1610
1778
1946
2114
2282
2450
2619
2787
2955
3123
3291
3459
3627
3796
3964
4132
4300
4468
4636
4804
4972
5140
5308
5477
5645
5813
5981
6149
6317
6485
6653
6821
6990
7158
7326
7494
7662
7830
7998
8166
8334
8503
8670
8839
9007
9175
9343
9511
9679
9847
10015
10183
10352
10520
10688
10856
11024
11192
11360
11528
11697
11865
12033
12201
12369
12537
12705
12874
13042
13210
13378
13546
13714
13882
14050
14218
14387
14555
14723
14891
15059
15227
15395
15564
15732
15900
16068
16236
16404
16572
16740
16908
17076
17244
17412
17581
17749
17918
18086
18254
18422
18590
18760
18929
19096
19266
19434
19602
19770
19937
20105
20272
20442
20610
20778
20945
21112
21279
21448
21618
21786
21957
22124
22291
22459
22629
22912
23157
23331
23499
23668
23839
24006
24176
24343
24510
24677
24844
25014
25184
25517
25684
25851
26020
26189
26357
26526
26694
26861
27032
27199
27368
27582
27749
27917
28084
28254
28421
28590
28758
28926
29095
29262
29432
29599
29768
29935
30103
30272
30441
30608
30777
30946
31114
31283
31450
31785
31953
32120
32289
32456
32626
32793
32961
33129
33418
33589
33756
33924
34092
34425
34593
34760
34929
35097
35317
35486
35819
35987
36155
36323
36491
36659
36828
36996
37164
37332
37500
37667
37835
38004
38338
38506
38673
38841
39009
39180
39347
39515
39682
39852
40020
40188
40521
40690
40857
41024
41192
41360
41529
41696
41865
42036
42204
42372
42541
42709
42877
43044
43211
43381
43716
43887
44091
44263
