429
52
217
303
387
472
556
641
726
810
895
1063
1147
1231
1399
1485
1653
1737
1821
1906
1990
2075
2159
2243
2328
2580
2665
2749
2833
2918
3002
3170
3255
3339
3423
3508
3592
3677
3761
3845
3930
4182
4266
4351
4435
4520
4604
4688
4772
4856
4941
5025
5110
5194
5278
5363
5447
5615
5700
5784
5869
5953
6037
6122
6206
6290
6375
6459
6544
6712
6796
6880
6965
7049
7134
7218
7302
7387
7471
7555
7639
7724
7808
7892
7977
8061
8229
8314
8398
8482
8567
8651
8736
8820
8904
8989
9157
9241
9326
9410
9494
9579
9663
9747
9831
9916
10000
10084
10169
10253
10338
10422
10506
10591
10675
10759
10843
10928
11012
11096
11181
11265
11350
11434
11518
11602
11686
11771
11855
11940
12024
12108
12193
12277
12361
12446
12530
12614
12698
12783
12867
12952
13036
13120
13205
13289
13373
13457
13542
13626
13710
13795
13879
13963
14048
14132
14216
14301
14385
14469
14554
14638
14722
14807
14891
14975
15059
15144
15228
15312
15397
15481
15565
15650
15734
15819
15903
15987
16071
16156
16240
16324
16409
16493
16577
16661
16745
16829
16913
16997
17081
17250
17413
17498
17582
17748
17832
18083
18167
18253
18422
18590
18754
18842
19005
19174
19263
19426
19515
19766
19850
19936
20023
20107
20274
20444
20609
20696
20949
21036
21204
21370
21458
21709
21879
21966
22050
22134
22301
22388
22552
22720
22804
22972
23058
23229
23394
23562
23647
23731
23900
23985
24070
24155
24239
24323
24409
24494
24578
24664
24834
24918
25005
25170
25255
25342
25506
25592
25677
25765
25934
26018
26103
26188
26275
26444
26528
26694
26779
26865
27032
27119
27203
27287
27371
27456
27541
27625
27792
27876
27961
28046
28131
28298
28383
28468
28552
28637
28799
28884
28969
29131
29219
29303
29388
29553
29640
29724
29893
29978
30062
30233
30318
30402
30486
30571
30656
30822
30907
30993
31162
31246
31332
31501
31585
31670
31754
31838
31923
32008
32093
32260
32424
32511
32595
32679
32764
32848
33270
33355
33441
33525
33609
33777
33944
34030
34191
34278
34439
34527
34611
34698
34859
34944
35110
35194
35279
35367
35451
35535
35707
35794
35883
35968
36052
36139
36223
36308
36393
36508
36597
36933
37018
37184
37269
37438
37523
37607
37692
37776
37860
37945
38030
38114
38199
38364
38450
38618
38702
38787
38871
38956
39042
39127
39212
39296
39462
39548
39713
39799
39884
39968
40052
40218
40379
40466
40556
40641
40726
40810
40956
41040
41285
41371
41455
41540
41625
41709
41799
41885
42388
42474
42561
42648
42732
42816
42900
42984
43068
43154
43238
43327
43487
43575
43828
43913
43997
44084
44244
44329
